5.281917644733532143e+03,5.301679363281372389e+03,5.332935675112317767e+03,5.351563479139878837e+03,5.352079679932787258e+03,5.375737421292929866e+03,5.385384659880764957e+03,5.399278819805407693e+03,5.414870241611773963e+03,5.443583244007437315e+03,5.460286022903506819e+03,5.498051723922326346e+03,5.518223429836398282e+03,5.566490913541871123e+03,5.577355577064547106e+03,5.651357558867020998e+03,5.689178728665458038e+03,5.725040624266024679e+03,5.774885636358056217e+03,5.835314607874781359e+03,5.896817223013436887e+03,5.964436165102291852e+03
5.282271436441014885e+03,5.306296326994309311e+03,5.332872130137676322e+03,5.352610617230993739e+03,5.356056092861646903e+03,5.373907066807825686e+03,5.383401854143367018e+03,5.399318900769461834e+03,5.406811660560142627e+03,5.433514646876228653e+03,5.451694289034730900e+03,5.481115946359146619e+03,5.495470723125647055e+03,5.522727133413514821e+03,5.569360151147746365e+03,5.598257986650161911e+03,5.629491191626497312e+03,5.663886716003617039e+03,5.717029310558806174e+03,5.759629754781228257e+03,5.811531905497628031e+03,5.878608560068299994e+03
5.275517384353013767e+03,5.304579408013136344e+03,5.322539050346455042e+03,5.348129832723770960e+03,5.355049501868126754e+03,5.364513882368259146e+03,5.381642270555374125e+03,5.397256755674250599e+03,5.398595077919588221e+03,5.424921170462021109e+03,5.445383688925194292e+03,5.456202755652397173e+03,5.480562312420195667e+03,5.492268697265040828e+03,5.529934154195696465e+03,5.551685150886078191e+03,5.579330680968341767e+03,5.610586219592194539e+03,5.648243669864008552e+03,5.697792363471759018e+03,5.745374284335179254e+03,5.804894119737815345e+03
5.284358068990975880e+03,5.301632525850271122e+03,5.322904596274755022e+03,5.344391168206710063e+03,5.353366100719129463e+03,5.359739033554937123e+03,5.374741579567304143e+03,5.393855639241430254e+03,5.414185200449575859e+03,5.421586112788307219e+03,5.426097388937359938e+03,5.443001911630773975e+03,5.462646587140246993e+03,5.479276316331695853e+03,5.499425353601611278e+03,5.516978442552659544e+03,5.538251833371410612e+03,5.570292198626011668e+03,5.598867384055622097e+03,5.637530023107960005e+03,5.684006875838764245e+03,5.731578827390403603e+03
5.291105602889263537e+03,5.303678284524561604e+03,5.318713489513640525e+03,5.341555969464279769e+03,5.347446696930241160e+03,5.361288630277347693e+03,5.379004025638922030e+03,5.388670028000986349e+03,5.403172310151938291e+03,5.414950886110951615e+03,5.423566343438817057e+03,5.439476338211552502e+03,5.447854454246882597e+03,5.463272747465487555e+03,5.480423591897924780e+03,5.501117325669838465e+03,5.516984190585077158e+03,5.540184110278914886e+03,5.565170036162962788e+03,5.593022383497103874e+03,5.632108438568982820e+03,5.681919282131959335e+03
5.283223462874722827e+03,5.292006973909332373e+03,5.311484513659650474e+03,5.339600302764720254e+03,5.343599966066230991e+03,5.358179295816902595e+03,5.374617697499643327e+03,5.387909918164448754e+03,5.400395384865341839e+03,5.410983861360236006e+03,5.428576631531491330e+03,5.432441109936660723e+03,5.441711276883845130e+03,5.456861438251748041e+03,5.474237960146952901e+03,5.489204777534729146e+03,5.503739197276745472e+03,5.525079698051693413e+03,5.543458318290871830e+03,5.569965195578606654e+03,5.598952762908338627e+03,5.642318908164306777e+03
5.278172397944636032e+03,5.288712109533222247e+03,5.306820653832888638e+03,5.329841729887690235e+03,5.335621264735722434e+03,5.356109997009210929e+03,5.374089393068698882e+03,5.390538700092332874e+03,5.401621674218586122e+03,5.416644438814922069e+03,5.428711376102357463e+03,5.433221158437891063e+03,5.441608979096101393e+03,5.457694868559739007e+03,5.473957401788330571e+03,5.486402140308524395e+03,5.502924230956394240e+03,5.517430858155466922e+03,5.532656634020724596e+03,5.554562347186843908e+03,5.582183674393094407e+03,5.615077809269987483e+03
5.268478633726741464e+03,5.283721642207263358e+03,5.314886668078293951e+03,5.334032103298513903e+03,5.336368378997138279e+03,5.357529563933825557e+03,5.376904473794995283e+03,5.389654178921066887e+03,5.407201284587486043e+03,5.414582599730909351e+03,5.431362069239885386e+03,5.439440218087217545e+03,5.453464113311665642e+03,5.465339266204877276e+03,5.480123274906224651e+03,5.492119602654334813e+03,5.506357447144673642e+03,5.521669014159768267e+03,5.533851125246052106e+03,5.551578828677424099e+03,5.575140554841913399e+03,5.600813950824231142e+03
5.271489201734601011e+03,5.294543506120629900e+03,5.315997339848257980e+03,5.334969171318498411e+03,5.347603964293981335e+03,5.362086012642543210e+03,5.381717515318861842e+03,5.395752142434583220e+03,5.409812937728034740e+03,5.424425856875624049e+03,5.437281170826050584e+03,5.449089054838652373e+03,5.467529944013105705e+03,5.481691687773174635e+03,5.492230993252451299e+03,5.507544909886633832e+03,5.517743964628114554e+03,5.531145651316535805e+03,5.542173958216877509e+03,5.560802091048099101e+03,5.576415504029811927e+03,5.602428816462654140e+03
5.263474680384386374e+03,5.289975104136219670e+03,5.314066126445301052e+03,5.336994533842294913e+03,5.359538633543201286e+03,5.365291051205633266e+03,5.387655767368130910e+03,5.404223161898868057e+03,5.419739512673690115e+03,5.435424425127707764e+03,5.455583615759804161e+03,5.464641317866213285e+03,5.478075498230942685e+03,5.498440656268343446e+03,5.512475191047242333e+03,5.526553669324930524e+03,5.540719847419409234e+03,5.550986177308433071e+03,5.552688724779991389e+03,5.567956051323992142e+03,5.588815289408832541e+03,5.609564682383563195e+03
5.265594563688116978e+03,5.293465624442402259e+03,5.324019957554426583e+03,5.343493814410729101e+03,5.366705525011664577e+03,5.373243831906987907e+03,5.394194247690948032e+03,5.416171360540103706e+03,5.435228715851431843e+03,5.454448581009302870e+03,5.474181193160591647e+03,5.482833630746620656e+03,5.498946119290242677e+03,5.516010275478505719e+03,5.529913347899031578e+03,5.542852551098949334e+03,5.557721377854181810e+03,5.569891813322014059e+03,5.580398028639394397e+03,5.596818095397810794e+03,5.616338984777670703e+03,5.617779016857792158e+03
5.276130417073371063e+03,5.303890484916486457e+03,5.332880309044952810e+03,5.351042672689498431e+03,5.377247381514069275e+03,5.396190550380377317e+03,5.407761649853533527e+03,5.429191154043938695e+03,5.450355193244440670e+03,5.468360666696318731e+03,5.485009468645915149e+03,5.501367166093700689e+03,5.517848454878898337e+03,5.532889355798882207e+03,5.547447910372020488e+03,5.560149037390216108e+03,5.573964399445071649e+03,5.585771529015773922e+03,5.595098710986067090e+03,5.613758339505782715e+03,5.631806626921887982e+03,5.651314779118863953e+03
5.279619832500864504e+03,5.307761763535150749e+03,5.338014217723026377e+03,5.364650731387622727e+03,5.395134778496876606e+03,5.406422987687357818e+03,5.425220690857035152e+03,5.443316580832841282e+03,5.461337251305832069e+03,5.485004081810491698e+03,5.502926319390427125e+03,5.516739820512655569e+03,5.533132145367028897e+03,5.548196911397613803e+03,5.576959443363313767e+03,5.584900748006106369e+03,5.601091265012235453e+03,5.612978615952608379e+03,5.627780658282637887e+03,5.639411009859048136e+03,5.654749098749863151e+03,5.675366638369941938e+03
5.285019895445331713e+03,5.322186450831995899e+03,5.345549191339117897e+03,5.377668695787517208e+03,5.404013624996085127e+03,5.426740491472424765e+03,5.442188161199595925e+03,5.456266196521465645e+03,5.480120015540029272e+03,5.498867867346144521e+03,5.518722342568940803e+03,5.538984804445895861e+03,5.569210769399762285e+03,5.579149041526779911e+03,5.594975817044469295e+03,5.607212868610144142e+03,5.615223867525586684e+03,5.633627195569359174e+03,5.644308559763001540e+03,5.659571568857759303e+03,5.675704655659013952e+03,5.690207015337966368e+03
5.292728871722827535e+03,5.332493761259305757e+03,5.359448587633536590e+03,5.391765858397697230e+03,5.422184929056438705e+03,5.443671801918815618e+03,5.463521716343364460e+03,5.480358196190804847e+03,5.494613569015315989e+03,5.523235214187686324e+03,5.553733098379637340e+03,5.567202211638644258e+03,5.585015360030096417e+03,5.597926035586889157e+03,5.611831210518182161e+03,5.626073494263662724e+03,5.639096018519740937e+03,5.647697535096100182e+03,5.664812590433912192e+03,5.676246653355365197e+03,5.691921595829024227e+03,5.710064798268686900e+03
5.311714869741705115e+03,5.350379141557528783e+03,5.374454006530966581e+03,5.412989516027855643e+03,5.437843704762397465e+03,5.461161502651681076e+03,5.479141905928716369e+03,5.500915347181751713e+03,5.535644930506863602e+03,5.551411772812530216e+03,5.571779140967335479e+03,5.585178358822253358e+03,5.598999515722709475e+03,5.617513778164745418e+03,5.634406140980156124e+03,5.645637867530816948e+03,5.659368673994062192e+03,5.671824417433437702e+03,5.682887719488364382e+03,5.698951068858475992e+03,5.710201272378773865e+03,5.732343191224999828e+03
5.326877837698537405e+03,5.362592983388076391e+03,5.406349843518999478e+03,5.437163894337907550e+03,5.475638628966031320e+03,5.495383736537449295e+03,5.513325454833728145e+03,5.537147656458329948e+03,5.564851095060933403e+03,5.585990092749982068e+03,5.602576379665863897e+03,5.606630551821736844e+03,5.619330674130984335e+03,5.638818726979616258e+03,5.656571374567491148e+03,5.668589864671310352e+03,5.679783005868064720e+03,5.692525943267918592e+03,5.708219044250594379e+03,5.720954486423927847e+03,5.733553901394136119e+03,5.755307071559598626e+03
5.336277200833332245e+03,5.389253249687970310e+03,5.429250848267543915e+03,5.459325954642567012e+03,5.496663274207998256e+03,5.526363142856152990e+03,5.547319577818927428e+03,5.566065408609394581e+03,5.587553528912054389e+03,5.608184179733206292e+03,5.630012735809203150e+03,5.646137649459906243e+03,5.657048662983323993e+03,5.676114668799837091e+03,5.685897387073577192e+03,5.698053691981307566e+03,5.713385388633676484e+03,5.721887547113825349e+03,5.736693431947461249e+03,5.747581496234292899e+03,5.760514960383084144e+03,5.772750356930360795e+03
5.364480558112532890e+03,5.409210089977909774e+03,5.443677560759442713e+03,5.478455373574030091e+03,5.510948173719489205e+03,5.547659366356853752e+03,5.569236327635920134e+03,5.592858225632945505e+03,5.612324014001991600e+03,5.630671274705635369e+03,5.653981674234952152e+03,5.674277510294781678e+03,5.686007799639974110e+03,5.699370710500828864e+03,5.714792666018494856e+03,5.724613298494048649e+03,5.733814499441585212e+03,5.741364039516796765e+03,5.757227927236734104e+03,5.769111543462217014e+03,5.780263781101731183e+03,5.794821139633784696e+03
5.375692223306044980e+03,5.421176068789040073e+03,5.456858908176700425e+03,5.496064738742484224e+03,5.532364136268060065e+03,5.565102465773161384e+03,5.584901090104727700e+03,5.610080877296162726e+03,5.634079341392887727e+03,5.653504564554968056e+03,5.673930423907031582e+03,5.695392516204256026e+03,5.710802092983980401e+03,5.722278071769111193e+03,5.739854642257767409e+03,5.753532864047750991e+03,5.765819785609562132e+03,5.774551743799000178e+03,5.785614105489775284e+03,5.799559797694048029e+03,5.810635453049239004e+03,5.811373212714634974e+03
5.384324967979224311e+03,5.426591523854152911e+03,5.465288383493089896e+03,5.505631188667330207e+03,5.545916885330321747e+03,5.582362266230332352e+03,5.604913963515510659e+03,5.628800439233420548e+03,5.651174230079502195e+03,5.676402221840028687e+03,5.694838829823831475e+03,5.715759796575818655e+03,5.739367206320391233e+03,5.746180665113470241e+03,5.763356790495485257e+03,5.777852822100985577e+03,5.791934400952357464e+03,5.804925058525548593e+03,5.814289205444671097e+03,5.828648414237520228e+03,5.830504116082103792e+03,5.838175216834320963e+03
5.394661478357059423e+03,5.434545701972403549e+03,5.477014166370970997e+03,5.518604254918514926e+03,5.556530941705600526e+03,5.593045951395178236e+03,5.620743041636292219e+03,5.645704086644449490e+03,5.673810730702100045e+03,5.698818070883509790e+03,5.726162707099604631e+03,5.745275794216533541e+03,5.757557084993040007e+03,5.769623859797628029e+03,5.779012098392574444e+03,5.796472571812802926e+03,5.809180622703781410e+03,5.827508527162538485e+03,5.840879935254332850e+03,5.843292562801179884e+03,5.855221423582826901e+03,5.861256011973948262e+03
5.399784641312135136e+03,5.441251088666055693e+03,5.488473459576166533e+03,5.530633768485784458e+03,5.569883302798386467e+03,5.605478421311791863e+03,5.636254027213824884e+03,5.661764301666397841e+03,5.686897794228831117e+03,5.715592483983631610e+03,5.740895657065808336e+03,5.761088257079529285e+03,5.780451702546792148e+03,5.790785656784458297e+03,5.799319612650823728e+03,5.814503071361381444e+03,5.825838827467300689e+03,5.845591402621750603e+03,5.852424280439170616e+03,5.860942952155791318e+03,5.866597950709924589e+03,5.873752808112116327e+03
5.411767980719378102e+03,5.453425496597936217e+03,5.494887329445526120e+03,5.535238888006317211e+03,5.574008502137754476e+03,5.612174417520403949e+03,5.649559259329804263e+03,5.675803617026520442e+03,5.700226028209738615e+03,5.729397206030231246e+03,5.753600000571766031e+03,5.775827051675370967e+03,5.796358051241550129e+03,5.807692999167617927e+03,5.822587799812723460e+03,5.842928342015563430e+03,5.850693845898120344e+03,5.864306364804278019e+03,5.865808642072166549e+03,5.874956411490165920e+03,5.887004375135767077e+03,5.889156729954827824e+03
5.416669468595775470e+03,5.458354921889276739e+03,5.501158475639222161e+03,5.538621828897012165e+03,5.577359543442280483e+03,5.622240778889387002e+03,5.658498652928654337e+03,5.690081600826300928e+03,5.713026288253788152e+03,5.737505294738346493e+03,5.763537223255889330e+03,5.787883107704599752e+03,5.811394554392370992e+03,5.823846329668156613e+03,5.838482730524207000e+03,5.857390712626473032e+03,5.871544848624564111e+03,5.872363741697694422e+03,5.882684713468097470e+03,5.894461846135303858e+03,5.908697989040902030e+03,5.911901127129538509e+03
5.420344752479328235e+03,5.462171984265907668e+03,5.506548078248357342e+03,5.552391062261740444e+03,5.589479240887569176e+03,5.625499643440314685e+03,5.659276387868536403e+03,5.693554571411250436e+03,5.723504712525373179e+03,5.747485996779116249e+03,5.776899123078361299e+03,5.800199282759715061e+03,5.814889944283073419e+03,5.832894157284545145e+03,5.849540466289327014e+03,5.866568771823106545e+03,5.876422627489950173e+03,5.889982083633192815e+03,5.902681557796628113e+03,5.909485113115746572e+03,5.917302889025515469e+03,5.922304126608914885e+03
5.425279833715627319e+03,5.479969661116811039e+03,5.518338862592179794e+03,5.555854935267707333e+03,5.592212883240496012e+03,5.627034212757629575e+03,5.669160356615881028e+03,5.708538136886108987e+03,5.737967114981529448e+03,5.760096482772281888e+03,5.782296979895952973e+03,5.798300987811036975e+03,5.820667994718471164e+03,5.839041322195887915e+03,5.858695917878565524e+03,5.876409375191938125e+03,5.885422519418938464e+03,5.898479881268956888e+03,5.909804593910812400e+03,5.917741050872738924e+03,5.928387175354750070e+03,5.927661850054471870e+03
5.443103431929062936e+03,5.482784572352044052e+03,5.521070152227119252e+03,5.557053380418445158e+03,5.591679241909703705e+03,5.639888804810649162e+03,5.681171050619002926e+03,5.713983447755825182e+03,5.744285632576586067e+03,5.771397019819218258e+03,5.789535569489600675e+03,5.804151221284266285e+03,5.823776045061382320e+03,5.846202781463103747e+03,5.862697233287222844e+03,5.879369329210567230e+03,5.892794703174422466e+03,5.904964725546569753e+03,5.916050719830183880e+03,5.926254662666007789e+03,5.933436782029508322e+03,5.941133580327885284e+03
